0.6830806732177734
0.6819961071014404
0.7109243869781494
0.6920077800750732
0.6719939708709717
0.6750004291534424
0.7210004329681396
0.7070043087005615
0.6981277465820312
0.7099993228912354
0.694000244140625
0.8250000476837158
0.6870033740997314
0.7049984931945801
0.7140011787414551
0.6880006790161133
0.7020003795623779
0.697005033493042
0.6939964294433594
0.7150018215179443
0.721998929977417
0.6600720882415771
0.5859286785125732
0.7090013027191162
0.6870007514953613
0.7200005054473877
0.6940016746520996
0.6919996738433838
0.6820015907287598
0.7070217132568359
